pre-ictal-SE pre-ictal-SP ictal-SE ictal-SP
99.999 0.000 99.392 25.862
100.000 0.000 99.430 21.488
99.999 0.000 99.432 17.500
99.999 0.000 99.417 16.667
99.999 0.000 99.454 25.000
100.000 0.000 99.440 19.388
100.000 0.000 99.418 20.388
99.999 0.000 99.449 18.852
100.000 0.000 99.434 21.186
100.000 0.000 99.428 23.387
99.999 0.000 99.432 20.000
100.000 0.000 99.420 20.000
99.998 0.000 99.445 17.431
100.000 0.000 99.447 17.822
100.000 0.000 99.374 24.299
100.000 0.000 99.415 19.820
100.000 0.000 99.399 17.073
100.000 0.000 99.442 16.379
99.999 0.000 99.447 14.286
100.000 0.000 99.374 22.523
100.000 0.000 99.397 22.321
100.000 0.000 99.439 28.448
99.999 0.000 99.454 11.765
100.000 0.000 99.442 29.126
100.000 0.000 99.456 19.820
100.000 0.000 99.439 18.018
100.000 0.000 99.470 17.857
100.000 0.000 99.442 18.261
100.000 0.000 99.391 19.266
99.999 0.000 99.437 20.370
