pre-ictal-SE pre-ictal-SP ictal-SE ictal-SP
84.225 26.454 99.936 35.714
84.788 26.073 99.940 28.125
84.498 26.257 99.955 25.000
84.591 25.461 99.930 30.000
84.520 27.150 99.945 30.380
84.448 25.888 99.935 22.973
84.563 26.724 99.925 27.778
84.713 26.544 99.938 29.577
84.493 26.415 99.936 26.389
84.357 26.847 99.950 26.190
84.473 27.660 99.940 30.263
84.246 25.744 99.956 20.000
84.432 26.109 99.965 26.506
84.352 25.370 99.948 22.059
84.577 27.296 99.948 26.154
84.523 27.739 99.926 24.242
84.788 26.439 99.938 26.562
84.604 26.290 99.923 22.368
84.618 27.021 99.945 27.536
84.488 26.875 99.938 25.333
84.426 26.555 99.941 31.429
84.696 26.724 99.943 32.500
84.661 27.931 99.938 24.675
84.503 26.473 99.940 17.722
84.540 28.170 99.941 25.316
84.640 25.211 99.948 30.667
84.658 26.485 99.930 36.250
84.529 27.276 99.948 22.222
84.494 26.473 99.933 23.810
84.382 27.378 99.956 19.481
