pre-ictal-SE pre-ictal-SP ictal-SE ictal-SP
96.209 5.572 99.965 21.519
96.190 5.566 99.982 18.841
96.224 4.593 99.966 17.949
96.303 5.077 99.958 19.540
96.163 5.031 99.971 15.942
96.191 5.891 99.965 20.548
96.222 4.876 99.971 13.043
96.282 5.397 99.970 15.385
96.303 5.161 99.966 15.942
96.090 5.511 99.978 14.286
96.176 5.839 99.971 12.791
96.090 5.202 99.965 18.519
96.202 5.865 99.980 15.584
96.151 5.137 99.971 22.857
96.145 5.126 99.973 21.127
96.230 4.844 99.961 16.883
96.136 5.058 99.968 16.667
96.223 4.886 99.970 22.535
96.104 5.393 99.968 21.538
96.093 4.727 99.963 16.049
96.271 5.562 99.970 21.127
96.293 6.007 99.973 20.548
96.233 5.986 99.970 14.865
96.109 4.847 99.975 24.242
96.166 4.870 99.975 15.556
96.241 4.835 99.977 23.377
96.267 5.226 99.970 22.535
96.218 5.107 99.980 14.516
95.994 5.397 99.973 22.667
96.192 4.957 99.956 19.048
