pre-ictal-SE pre-ictal-SP ictal-SE ictal-SP
99.991 0.000 99.231 28.947
99.987 0.000 99.251 27.523
99.989 0.000 99.224 31.579
99.987 0.000 99.266 28.058
99.984 0.000 99.257 22.680
99.991 0.000 99.240 27.966
99.992 0.000 99.272 26.471
99.989 0.000 99.278 23.729
99.989 0.000 99.216 23.423
99.990 0.000 99.249 27.132
99.986 0.000 99.240 28.333
99.987 0.000 99.225 24.409
99.990 0.000 99.213 23.810
99.987 0.000 99.267 34.234
99.992 0.000 99.211 29.565
99.987 0.000 99.185 29.000
99.992 0.000 99.288 23.529
99.992 0.000 99.259 33.065
99.988 0.000 99.241 29.801
99.989 0.000 99.176 26.667
99.993 0.000 99.276 25.688
99.989 0.000 99.202 28.155
99.987 0.000 99.205 25.243
99.992 0.000 99.231 28.926
99.989 0.000 99.237 27.928
99.986 0.000 99.252 21.101
99.987 0.000 99.229 28.571
99.989 0.000 99.211 30.841
99.982 0.000 99.242 27.451
99.989 0.000 99.302 21.649
