pre-ictal-SE pre-ictal-SP ictal-SE ictal-SP
93.191 9.515 99.971 17.910
93.389 9.465 99.978 18.987
93.381 9.519 99.973 22.973
93.142 9.145 99.966 20.290
93.315 9.777 99.973 20.000
93.340 9.265 99.971 15.942
93.284 9.258 99.972 25.490
93.266 8.137 99.982 18.421
93.204 9.377 99.980 24.324
93.177 10.184 99.963 13.636
93.311 9.701 99.973 24.286
93.275 9.430 99.968 29.231
93.208 9.145 99.955 20.588
93.333 8.925 99.970 15.254
93.184 9.305 99.973 21.212
93.426 9.781 99.975 24.359
93.237 9.680 99.955 20.690
93.319 9.495 99.973 16.456
93.486 9.790 99.948 19.231
93.227 8.945 99.983 22.078
93.308 9.386 99.968 21.795
93.386 10.313 99.975 29.577
93.138 10.431 99.975 13.699
93.261 9.666 99.968 10.606
93.137 9.731 99.971 26.923
93.266 10.168 99.983 16.129
93.125 9.215 99.970 15.190
93.290 9.088 99.958 26.190
93.252 8.162 99.973 9.836
93.138 8.756 99.978 12.500
