pre-ictal-SE pre-ictal-SP ictal-SE ictal-SP
99.999 0.000 99.499 20.168
100.000 0.000 99.485 16.667
99.999 0.000 99.538 14.407
99.999 0.000 99.513 17.273
100.000 0.000 99.517 18.584
100.000 0.000 99.525 19.643
99.999 0.000 99.490 21.186
99.998 0.000 99.553 18.750
99.999 0.000 99.524 20.755
100.000 0.000 99.528 23.958
99.999 0.000 99.522 21.186
100.000 0.000 99.550 18.333
100.000 0.000 99.524 12.977
100.000 0.000 99.530 16.364
100.000 0.000 99.509 19.672
100.000 0.000 99.497 16.038
99.998 0.000 99.501 21.622
99.998 0.000 99.522 15.966
99.999 0.000 99.526 16.964
100.000 0.000 99.500 19.626
99.999 0.000 99.507 17.857
100.000 0.000 99.495 18.803
100.000 0.000 99.519 16.364
99.999 0.000 99.523 16.667
100.000 0.000 99.539 18.103
100.000 0.000 99.521 21.818
100.000 0.000 99.508 13.274
100.000 0.000 99.535 15.574
99.999 0.000 99.502 9.910
100.000 0.000 99.525 15.534
