pre-ictal-SE pre-ictal-SP ictal-SE ictal-SP
99.947 2.155 99.975 1.370
99.883 0.489 99.990 1.220
99.984 0.000 99.904 0.000
99.991 0.000 99.988 0.000
99.988 0.000 99.809 0.000
99.719 0.301 99.997 0.000
99.837 0.452 100.000 0.000
99.989 0.000 99.993 0.000
99.651 0.788 99.995 0.000
99.838 0.218 99.998 0.000
99.988 0.036 99.975 0.000
99.947 0.000 99.997 0.000
99.993 0.000 99.846 0.000
99.935 0.337 99.928 0.000
99.846 0.186 99.993 1.389
99.974 0.000 99.995 1.351
99.777 0.453 99.983 1.538
99.837 0.036 99.966 0.000
99.886 0.252 99.971 1.282
99.851 0.183 99.998 0.000
99.748 0.226 98.605 0.000
99.989 0.000 99.988 0.000
99.877 0.149 99.844 1.389
99.988 0.000 99.946 1.471
99.725 0.229 99.748 0.000
99.795 0.226 99.921 1.408
99.989 0.000 99.997 0.000
99.863 0.037 99.971 2.817
99.825 0.297 99.992 0.000
99.991 0.000 99.971 0.000
