pre-ictal-SE pre-ictal-SP ictal-SE ictal-SP
99.877 0.000 99.956 5.217
99.853 0.125 99.874 15.323
99.906 0.000 99.824 6.604
99.889 0.000 99.912 11.450
99.812 0.367 99.984 0.901
99.871 0.124 99.967 19.792
99.886 0.000 99.941 7.273
99.912 0.000 99.915 11.111
99.887 0.000 99.988 10.714
99.890 0.000 99.991 0.000
99.879 0.000 99.779 9.821
99.905 0.124 99.796 13.333
99.865 0.000 99.771 8.824
99.887 1.070 99.958 5.263
99.879 0.000 99.992 0.000
99.894 0.118 99.951 9.091
99.883 0.000 99.727 12.500
99.880 0.244 99.781 12.613
99.875 0.000 99.942 0.813
99.900 0.000 99.967 6.504
99.874 0.000 99.959 17.213
99.878 0.120 99.992 0.000
99.901 0.121 99.853 0.000
99.890 0.000 99.990 0.870
99.861 0.000 99.979 10.714
99.882 0.000 99.946 13.158
99.859 0.126 99.953 6.542
99.883 0.000 99.988 0.000
99.869 0.627 99.864 0.000
99.875 0.000 99.929 8.571
