pre-ictal-SE pre-ictal-SP ictal-SE ictal-SP
100.000 0.000 100.000 0.000
99.999 0.000 100.000 0.000
100.000 0.000 100.000 0.000
99.998 0.000 100.000 0.000
99.998 0.000 100.000 0.000
99.999 0.000 100.000 0.000
100.000 0.000 100.000 0.000
99.999 0.000 100.000 0.000
99.999 0.000 100.000 0.000
99.999 0.000 100.000 0.000
100.000 0.000 100.000 0.000
99.999 0.000 100.000 0.000
99.998 0.000 100.000 0.000
99.999 0.000 100.000 0.000
99.999 0.000 100.000 0.000
99.998 0.000 100.000 0.000
99.999 0.000 100.000 0.000
100.000 0.000 100.000 0.000
100.000 0.000 100.000 0.000
100.000 0.000 100.000 0.000
100.000 0.000 100.000 0.000
99.999 0.000 100.000 0.000
100.000 0.000 100.000 0.000
100.000 0.000 100.000 0.000
100.000 0.000 100.000 0.000
100.000 0.000 100.000 0.000
99.999 0.000 100.000 0.000
99.999 0.000 100.000 0.000
99.999 0.000 100.000 0.000
100.000 0.000 100.000 0.000
