pre-ictal-SE pre-ictal-SP ictal-SE ictal-SP
96.926 4.550 99.936 15.584
96.943 4.001 99.951 15.493
96.930 4.794 99.938 22.368
97.005 4.284 99.961 16.176
96.885 4.137 99.953 16.176
96.990 4.234 99.946 14.286
96.915 4.457 99.950 9.589
97.054 4.100 99.945 18.919
96.892 4.110 99.946 18.310
96.954 4.200 99.935 15.493
96.835 4.377 99.948 16.438
97.066 4.776 99.940 11.392
97.021 4.653 99.948 15.278
96.945 4.843 99.955 20.000
97.041 4.881 99.938 17.284
96.933 4.427 99.941 13.889
96.980 4.285 99.950 13.924
97.069 4.324 99.948 14.943
96.932 4.517 99.955 14.286
96.807 4.506 99.953 15.493
96.936 4.644 99.946 14.815
96.849 4.388 99.938 11.594
97.017 4.685 99.950 18.310
97.000 4.410 99.941 17.808
97.008 4.516 99.953 16.867
97.068 4.235 99.936 15.190
96.986 4.672 99.946 16.129
96.883 4.672 99.946 21.519
97.005 3.954 99.945 18.667
97.095 4.185 99.936 8.989
